1 37.551 (-2.71644,-1.66071)
2 7.00257 (-0.0250347,2.11294)
3 7.00257 (-0.0250347,2.11294)
4 7.00257 (-0.0250347,2.11294)
5 7.00257 (-0.0250347,2.11294)
6 7.00257 (-0.0250347,2.11294)
7 5.22946 (-0.959765,-1.98258)
8 5.22946 (-0.959765,-1.98258)
9 1.34476 (0.0402354,-0.982584)
10 1.34476 (0.0402354,-0.982584)
11 1.34476 (0.0402354,-0.982584)
12 1.34476 (0.0402354,-0.982584)
13 1.34476 (0.0402354,-0.982584)
14 1.34476 (0.0402354,-0.982584)
15 1.34476 (0.0402354,-0.982584)
16 1.34476 (0.0402354,-0.982584)
17 1.34476 (0.0402354,-0.982584)
18 1.34476 (0.0402354,-0.982584)
19 1.34476 (0.0402354,-0.982584)
20 1.34476 (0.0402354,-0.982584)
21 1.34476 (0.0402354,-0.982584)
22 1.34476 (0.0402354,-0.982584)
23 1.34476 (0.0402354,-0.982584)
24 1.34476 (0.0402354,-0.982584)
25 1.34476 (0.0402354,-0.982584)
26 1.34476 (0.0402354,-0.982584)
27 1.34476 (0.0402354,-0.982584)
28 1.34476 (0.0402354,-0.982584)
29 1.34476 (0.0402354,-0.982584)
30 1.34476 (0.0402354,-0.982584)
31 1.34476 (0.0402354,-0.982584)
32 1.34476 (0.0402354,-0.982584)
33 1.34476 (0.0402354,-0.982584)
34 1.34476 (0.0402354,-0.982584)
35 1.34476 (0.0402354,-0.982584)
36 1.34476 (0.0402354,-0.982584)
37 1.34476 (0.0402354,-0.982584)
38 1.34476 (0.0402354,-0.982584)
39 1.34476 (0.0402354,-0.982584)
40 1.34476 (0.0402354,-0.982584)
41 1.34476 (0.0402354,-0.982584)
42 1.34476 (0.0402354,-0.982584)
43 1.34476 (0.0402354,-0.982584)
44 1.34476 (0.0402354,-0.982584)
45 1.34476 (0.0402354,-0.982584)
46 1.34476 (0.0402354,-0.982584)
47 1.34476 (0.0402354,-0.982584)
48 1.34476 (0.0402354,-0.982584)
49 1.34476 (0.0402354,-0.982584)
50 1.34476 (0.0402354,-0.982584)
51 1.34476 (0.0402354,-0.982584)
52 1.34476 (0.0402354,-0.982584)
53 1.34476 (0.0402354,-0.982584)
54 1.34476 (0.0402354,-0.982584)
55 1.34476 (0.0402354,-0.982584)
56 1.34476 (0.0402354,-0.982584)
57 1.34476 (0.0402354,-0.982584)
58 1.34476 (0.0402354,-0.982584)
59 1.34476 (0.0402354,-0.982584)
60 1.34476 (0.0402354,-0.982584)
61 1.34476 (0.0402354,-0.982584)
62 1.34476 (0.0402354,-0.982584)
63 1.34476 (0.0402354,-0.982584)
64 1.34476 (0.0402354,-0.982584)
65 1.34476 (0.0402354,-0.982584)
66 1.34476 (0.0402354,-0.982584)
67 1.34476 (0.0402354,-0.982584)
68 1.34476 (0.0402354,-0.982584)
69 1.34476 (0.0402354,-0.982584)
70 1.34476 (0.0402354,-0.982584)
71 1.34476 (0.0402354,-0.982584)
72 1.34476 (0.0402354,-0.982584)
73 1.34476 (0.0402354,-0.982584)
74 1.34476 (0.0402354,-0.982584)
75 1.34476 (0.0402354,-0.982584)
76 1.34476 (0.0402354,-0.982584)
77 1.34476 (0.0402354,-0.982584)
78 1.34476 (0.0402354,-0.982584)
79 1.34476 (0.0402354,-0.982584)
80 1.34476 (0.0402354,-0.982584)
81 1.34476 (0.0402354,-0.982584)
82 1.34476 (0.0402354,-0.982584)
83 1.34476 (0.0402354,-0.982584)
84 1.34476 (0.0402354,-0.982584)
85 1.34476 (0.0402354,-0.982584)
86 1.34476 (0.0402354,-0.982584)
87 1.34476 (0.0402354,-0.982584)
88 1.34476 (0.0402354,-0.982584)
89 1.34476 (0.0402354,-0.982584)
90 1.34476 (0.0402354,-0.982584)
91 1.34476 (0.0402354,-0.982584)
92 1.34476 (0.0402354,-0.982584)
93 1.34476 (0.0402354,-0.982584)
94 1.34476 (0.0402354,-0.982584)
95 1.34476 (0.0402354,-0.982584)
96 1.34476 (0.0402354,-0.982584)
97 1.34476 (0.0402354,-0.982584)
98 1.34476 (0.0402354,-0.982584)
99 1.34476 (0.0402354,-0.982584)
100 1.34476 (0.0402354,-0.982584)
101 1.34476 (0.0402354,-0.982584)
102 1.34476 (0.0402354,-0.982584)
103 1.34476 (0.0402354,-0.982584)
104 1.34476 (0.0402354,-0.982584)
105 1.34476 (0.0402354,-0.982584)
106 1.34476 (0.0402354,-0.982584)
107 1.34476 (0.0402354,-0.982584)
108 1.34476 (0.0402354,-0.982584)
109 1.34476 (0.0402354,-0.982584)
110 1.34476 (0.0402354,-0.982584)
111 1.34476 (0.0402354,-0.982584)
112 1.34476 (0.0402354,-0.982584)
113 1.34476 (0.0402354,-0.982584)
114 1.34476 (0.0402354,-0.982584)
115 1.34476 (0.0402354,-0.982584)
116 1.34476 (0.0402354,-0.982584)
117 1.34476 (0.0402354,-0.982584)
118 1.34476 (0.0402354,-0.982584)
119 1.34476 (0.0402354,-0.982584)
120 1.34476 (0.0402354,-0.982584)
121 1.34476 (0.0402354,-0.982584)
122 1.34476 (0.0402354,-0.982584)
123 1.34476 (0.0402354,-0.982584)
124 1.34476 (0.0402354,-0.982584)
125 1.34476 (0.0402354,-0.982584)
126 1.34476 (0.0402354,-0.982584)
127 1.34476 (0.0402354,-0.982584)
128 1.34476 (0.0402354,-0.982584)
129 1.34476 (0.0402354,-0.982584)
130 1.34476 (0.0402354,-0.982584)
131 1.34476 (0.0402354,-0.982584)
132 1.34476 (0.0402354,-0.982584)
133 1.34476 (0.0402354,-0.982584)
134 1.34476 (0.0402354,-0.982584)
135 1.34476 (0.0402354,-0.982584)
136 1.34476 (0.0402354,-0.982584)
137 1.34476 (0.0402354,-0.982584)
138 1.34476 (0.0402354,-0.982584)
139 1.34476 (0.0402354,-0.982584)
140 1.34476 (0.0402354,-0.982584)
141 1.34476 (0.0402354,-0.982584)
142 1.34476 (0.0402354,-0.982584)
143 1.34476 (0.0402354,-0.982584)
144 1.34476 (0.0402354,-0.982584)
145 1.34476 (0.0402354,-0.982584)
146 1.34476 (0.0402354,-0.982584)
147 1.34476 (0.0402354,-0.982584)
148 1.34476 (0.0402354,-0.982584)
149 1.34476 (0.0402354,-0.982584)
150 1.34476 (0.0402354,-0.982584)
151 1.34476 (0.0402354,-0.982584)
152 1.34476 (0.0402354,-0.982584)
153 1.34476 (0.0402354,-0.982584)
154 1.34476 (0.0402354,-0.982584)
155 1.34476 (0.0402354,-0.982584)
156 1.34476 (0.0402354,-0.982584)
157 1.34476 (0.0402354,-0.982584)
158 1.34476 (0.0402354,-0.982584)
159 1.34476 (0.0402354,-0.982584)
160 1.34476 (0.0402354,-0.982584)
161 1.34476 (0.0402354,-0.982584)
162 1.34476 (0.0402354,-0.982584)
163 1.34476 (0.0402354,-0.982584)
164 1.34476 (0.0402354,-0.982584)
165 1.34476 (0.0402354,-0.982584)
166 1.34476 (0.0402354,-0.982584)
167 1.34476 (0.0402354,-0.982584)
168 1.34476 (0.0402354,-0.982584)
169 1.34476 (0.0402354,-0.982584)
170 1.34476 (0.0402354,-0.982584)
171 1.34476 (0.0402354,-0.982584)
172 1.34476 (0.0402354,-0.982584)
173 1.34476 (0.0402354,-0.982584)
174 1.34476 (0.0402354,-0.982584)
175 1.34476 (0.0402354,-0.982584)
176 1.34476 (0.0402354,-0.982584)
177 1.34476 (0.0402354,-0.982584)
178 1.34476 (0.0402354,-0.982584)
179 1.34476 (0.0402354,-0.982584)
180 1.34476 (0.0402354,-0.982584)
181 1.34476 (0.0402354,-0.982584)
182 1.34476 (0.0402354,-0.982584)
183 1.34476 (0.0402354,-0.982584)
184 1.34476 (0.0402354,-0.982584)
185 1.34476 (0.0402354,-0.982584)
186 1.34476 (0.0402354,-0.982584)
187 1.34476 (0.0402354,-0.982584)
188 1.34476 (0.0402354,-0.982584)
189 1.34476 (0.0402354,-0.982584)
190 1.34476 (0.0402354,-0.982584)
191 1.34476 (0.0402354,-0.982584)
192 1.34476 (0.0402354,-0.982584)
193 1.34476 (0.0402354,-0.982584)
194 1.34476 (0.0402354,-0.982584)
195 1.34476 (0.0402354,-0.982584)
196 1.34476 (0.0402354,-0.982584)
197 1.34476 (0.0402354,-0.982584)
198 1.34476 (0.0402354,-0.982584)
199 1.34476 (0.0402354,-0.982584)
200 1.34476 (0.0402354,-0.982584)
201 1.34476 (0.0402354,-0.982584)
202 1.34476 (0.0402354,-0.982584)
203 1.34476 (0.0402354,-0.982584)
204 1.34476 (0.0402354,-0.982584)
205 1.34476 (0.0402354,-0.982584)
206 1.34476 (0.0402354,-0.982584)
207 1.34476 (0.0402354,-0.982584)
208 1.34476 (0.0402354,-0.982584)
209 1.34476 (0.0402354,-0.982584)
210 1.34476 (0.0402354,-0.982584)
211 1.34476 (0.0402354,-0.982584)
212 1.34476 (0.0402354,-0.982584)
213 1.34476 (0.0402354,-0.982584)
214 1.34476 (0.0402354,-0.982584)
215 1.34476 (0.0402354,-0.982584)
216 1.34476 (0.0402354,-0.982584)
217 1.34476 (0.0402354,-0.982584)
218 1.34476 (0.0402354,-0.982584)
219 1.34476 (0.0402354,-0.982584)
220 1.34476 (0.0402354,-0.982584)
221 1.34476 (0.0402354,-0.982584)
222 1.34476 (0.0402354,-0.982584)
223 1.34476 (0.0402354,-0.982584)
224 1.34476 (0.0402354,-0.982584)
225 1.34476 (0.0402354,-0.982584)
226 1.34476 (0.0402354,-0.982584)
227 1.34476 (0.0402354,-0.982584)
228 1.34476 (0.0402354,-0.982584)
229 1.34476 (0.0402354,-0.982584)
230 1.34476 (0.0402354,-0.982584)
231 1.34476 (0.0402354,-0.982584)
232 1.34476 (0.0402354,-0.982584)
233 1.34476 (0.0402354,-0.982584)
234 1.34476 (0.0402354,-0.982584)
235 1.34476 (0.0402354,-0.982584)
236 1.34476 (0.0402354,-0.982584)
237 1.34476 (0.0402354,-0.982584)
238 1.34476 (0.0402354,-0.982584)
239 1.34476 (0.0402354,-0.982584)
240 1.34476 (0.0402354,-0.982584)
241 1.34476 (0.0402354,-0.982584)
242 1.34476 (0.0402354,-0.982584)
243 1.34476 (0.0402354,-0.982584)
244 1.34476 (0.0402354,-0.982584)
245 1.34476 (0.0402354,-0.982584)
246 1.34476 (0.0402354,-0.982584)
247 1.34476 (0.0402354,-0.982584)
248 1.34476 (0.0402354,-0.982584)
249 1.34476 (0.0402354,-0.982584)
250 1.34476 (0.0402354,-0.982584)
251 1.34476 (0.0402354,-0.982584)
252 1.34476 (0.0402354,-0.982584)
253 1.34476 (0.0402354,-0.982584)
254 1.34476 (0.0402354,-0.982584)
255 1.34476 (0.0402354,-0.982584)
256 1.34476 (0.0402354,-0.982584)
257 1.34476 (0.0402354,-0.982584)
258 1.34476 (0.0402354,-0.982584)
259 1.34476 (0.0402354,-0.982584)
260 1.34476 (0.0402354,-0.982584)
261 1.34476 (0.0402354,-0.982584)
262 1.34476 (0.0402354,-0.982584)
263 1.34476 (0.0402354,-0.982584)
264 1.34476 (0.0402354,-0.982584)
265 1.34476 (0.0402354,-0.982584)
266 1.34476 (0.0402354,-0.982584)
267 1.34476 (0.0402354,-0.982584)
268 1.34476 (0.0402354,-0.982584)
269 1.34476 (0.0402354,-0.982584)
270 1.34476 (0.0402354,-0.982584)
271 1.34476 (0.0402354,-0.982584)
272 1.34476 (0.0402354,-0.982584)
273 1.34476 (0.0402354,-0.982584)
274 1.34476 (0.0402354,-0.982584)
275 1.34476 (0.0402354,-0.982584)
276 1.34476 (0.0402354,-0.982584)
277 1.34476 (0.0402354,-0.982584)
278 1.34476 (0.0402354,-0.982584)
279 1.34476 (0.0402354,-0.982584)
280 1.34476 (0.0402354,-0.982584)
281 1.34476 (0.0402354,-0.982584)
282 1.34476 (0.0402354,-0.982584)
283 1.34476 (0.0402354,-0.982584)
284 1.34476 (0.0402354,-0.982584)
285 1.34476 (0.0402354,-0.982584)
286 1.34476 (0.0402354,-0.982584)
287 1.34476 (0.0402354,-0.982584)
288 1.34476 (0.0402354,-0.982584)
289 1.34476 (0.0402354,-0.982584)
290 1.34476 (0.0402354,-0.982584)
291 1.34476 (0.0402354,-0.982584)
292 1.34476 (0.0402354,-0.982584)
293 1.34476 (0.0402354,-0.982584)
294 1.34476 (0.0402354,-0.982584)
295 1.34476 (0.0402354,-0.982584)
296 1.34476 (0.0402354,-0.982584)
297 1.34476 (0.0402354,-0.982584)
298 1.34476 (0.0402354,-0.982584)
299 1.34476 (0.0402354,-0.982584)
300 1.34476 (0.0402354,-0.982584)
301 1.34476 (0.0402354,-0.982584)
302 1.34476 (0.0402354,-0.982584)
303 1.34476 (0.0402354,-0.982584)
304 1.34476 (0.0402354,-0.982584)
305 1.34476 (0.0402354,-0.982584)
306 1.34476 (0.0402354,-0.982584)
307 1.34476 (0.0402354,-0.982584)
308 1.34476 (0.0402354,-0.982584)
309 1.34476 (0.0402354,-0.982584)
310 1.34476 (0.0402354,-0.982584)
311 1.34476 (0.0402354,-0.982584)
312 1.34476 (0.0402354,-0.982584)
313 1.34476 (0.0402354,-0.982584)
314 1.34476 (0.0402354,-0.982584)
315 1.34476 (0.0402354,-0.982584)
316 1.34476 (0.0402354,-0.982584)
317 1.34476 (0.0402354,-0.982584)
318 1.34476 (0.0402354,-0.982584)
319 1.34476 (0.0402354,-0.982584)
320 1.34476 (0.0402354,-0.982584)
321 1.34476 (0.0402354,-0.982584)
322 1.34476 (0.0402354,-0.982584)
323 1.34476 (0.0402354,-0.982584)
324 1.34476 (0.0402354,-0.982584)
325 1.34476 (0.0402354,-0.982584)
326 1.34476 (0.0402354,-0.982584)
327 1.34476 (0.0402354,-0.982584)
328 1.34476 (0.0402354,-0.982584)
329 1.34476 (0.0402354,-0.982584)
330 1.34476 (0.0402354,-0.982584)
331 1.34476 (0.0402354,-0.982584)
332 1.34476 (0.0402354,-0.982584)
333 1.34476 (0.0402354,-0.982584)
334 1.34476 (0.0402354,-0.982584)
335 1.34476 (0.0402354,-0.982584)
336 1.34476 (0.0402354,-0.982584)
337 1.34476 (0.0402354,-0.982584)
338 1.34476 (0.0402354,-0.982584)
339 1.34476 (0.0402354,-0.982584)
340 1.34476 (0.0402354,-0.982584)
341 1.34476 (0.0402354,-0.982584)
342 1.34476 (0.0402354,-0.982584)
343 1.34476 (0.0402354,-0.982584)
344 1.34476 (0.0402354,-0.982584)
345 1.34476 (0.0402354,-0.982584)
346 1.34476 (0.0402354,-0.982584)
347 1.34476 (0.0402354,-0.982584)
348 1.34476 (0.0402354,-0.982584)
349 1.34476 (0.0402354,-0.982584)
350 1.34476 (0.0402354,-0.982584)
351 1.34476 (0.0402354,-0.982584)
352 1.34476 (0.0402354,-0.982584)
353 1.34476 (0.0402354,-0.982584)
354 1.34476 (0.0402354,-0.982584)
355 1.34476 (0.0402354,-0.982584)
356 1.34476 (0.0402354,-0.982584)
357 1.34476 (0.0402354,-0.982584)
358 1.34476 (0.0402354,-0.982584)
359 1.34476 (0.0402354,-0.982584)
360 1.34476 (0.0402354,-0.982584)
361 1.34476 (0.0402354,-0.982584)
362 1.34476 (0.0402354,-0.982584)
363 1.34476 (0.0402354,-0.982584)
364 1.34476 (0.0402354,-0.982584)
365 1.34476 (0.0402354,-0.982584)
366 1.34476 (0.0402354,-0.982584)
367 1.34476 (0.0402354,-0.982584)
368 1.34476 (0.0402354,-0.982584)
369 1.34476 (0.0402354,-0.982584)
370 1.34476 (0.0402354,-0.982584)
371 1.34476 (0.0402354,-0.982584)
372 1.34476 (0.0402354,-0.982584)
373 1.34476 (0.0402354,-0.982584)
374 1.34476 (0.0402354,-0.982584)
375 1.34476 (0.0402354,-0.982584)
376 1.34476 (0.0402354,-0.982584)
377 1.34476 (0.0402354,-0.982584)
378 1.34476 (0.0402354,-0.982584)
379 1.34476 (0.0402354,-0.982584)
380 1.34476 (0.0402354,-0.982584)
381 1.34476 (0.0402354,-0.982584)
382 1.34476 (0.0402354,-0.982584)
383 1.34476 (0.0402354,-0.982584)
384 1.34476 (0.0402354,-0.982584)
385 1.34476 (0.0402354,-0.982584)
386 1.34476 (0.0402354,-0.982584)
387 1.34476 (0.0402354,-0.982584)
388 1.34476 (0.0402354,-0.982584)
389 1.34476 (0.0402354,-0.982584)
390 1.34476 (0.0402354,-0.982584)
391 1.34476 (0.0402354,-0.982584)
392 1.34476 (0.0402354,-0.982584)
393 1.34476 (0.0402354,-0.982584)
394 1.34476 (0.0402354,-0.982584)
395 1.34476 (0.0402354,-0.982584)
396 1.34476 (0.0402354,-0.982584)
397 1.34476 (0.0402354,-0.982584)
398 1.34476 (0.0402354,-0.982584)
399 1.34476 (0.0402354,-0.982584)
400 1.34476 (0.0402354,-0.982584)
401 1.34476 (0.0402354,-0.982584)
402 1.34476 (0.0402354,-0.982584)
403 1.34476 (0.0402354,-0.982584)
404 1.34476 (0.0402354,-0.982584)
405 1.34476 (0.0402354,-0.982584)
406 1.34476 (0.0402354,-0.982584)
407 1.34476 (0.0402354,-0.982584)
408 1.34476 (0.0402354,-0.982584)
409 1.34476 (0.0402354,-0.982584)
410 1.34476 (0.0402354,-0.982584)
411 1.34476 (0.0402354,-0.982584)
412 1.34476 (0.0402354,-0.982584)
413 1.34476 (0.0402354,-0.982584)
414 1.34476 (0.0402354,-0.982584)
415 1.34476 (0.0402354,-0.982584)
416 1.34476 (0.0402354,-0.982584)
417 1.34476 (0.0402354,-0.982584)
418 1.34476 (0.0402354,-0.982584)
419 1.34476 (0.0402354,-0.982584)
420 1.34476 (0.0402354,-0.982584)
421 1.34476 (0.0402354,-0.982584)
422 1.34476 (0.0402354,-0.982584)
423 1.34476 (0.0402354,-0.982584)
424 1.34476 (0.0402354,-0.982584)
425 1.34476 (0.0402354,-0.982584)
426 1.34476 (0.0402354,-0.982584)
427 1.34476 (0.0402354,-0.982584)
428 1.34476 (0.0402354,-0.982584)
429 1.34476 (0.0402354,-0.982584)
430 1.34476 (0.0402354,-0.982584)
431 1.34476 (0.0402354,-0.982584)
432 1.34476 (0.0402354,-0.982584)
433 1.34476 (0.0402354,-0.982584)
434 1.34476 (0.0402354,-0.982584)
435 1.34476 (0.0402354,-0.982584)
436 1.34476 (0.0402354,-0.982584)
437 1.34476 (0.0402354,-0.982584)
438 1.34476 (0.0402354,-0.982584)
439 1.34476 (0.0402354,-0.982584)
440 1.34476 (0.0402354,-0.982584)
441 1.34476 (0.0402354,-0.982584)
442 1.34476 (0.0402354,-0.982584)
443 1.34476 (0.0402354,-0.982584)
444 1.34476 (0.0402354,-0.982584)
445 1.34476 (0.0402354,-0.982584)
446 1.34476 (0.0402354,-0.982584)
447 1.34476 (0.0402354,-0.982584)
448 1.34476 (0.0402354,-0.982584)
449 1.34476 (0.0402354,-0.982584)
450 1.34476 (0.0402354,-0.982584)
451 1.34476 (0.0402354,-0.982584)
452 1.34476 (0.0402354,-0.982584)
453 1.34476 (0.0402354,-0.982584)
454 1.34476 (0.0402354,-0.982584)
455 1.34476 (0.0402354,-0.982584)
456 1.34476 (0.0402354,-0.982584)
457 1.34476 (0.0402354,-0.982584)
458 1.34476 (0.0402354,-0.982584)
459 1.34476 (0.0402354,-0.982584)
460 1.34476 (0.0402354,-0.982584)
461 1.34476 (0.0402354,-0.982584)
462 1.34476 (0.0402354,-0.982584)
463 1.34476 (0.0402354,-0.982584)
464 1.34476 (0.0402354,-0.982584)
465 1.34476 (0.0402354,-0.982584)
466 1.34476 (0.0402354,-0.982584)
467 1.34476 (0.0402354,-0.982584)
468 1.34476 (0.0402354,-0.982584)
469 1.34476 (0.0402354,-0.982584)
470 1.34476 (0.0402354,-0.982584)
471 1.34476 (0.0402354,-0.982584)
472 1.34476 (0.0402354,-0.982584)
473 1.34476 (0.0402354,-0.982584)
474 1.34476 (0.0402354,-0.982584)
475 1.34476 (0.0402354,-0.982584)
476 1.34476 (0.0402354,-0.982584)
477 1.34476 (0.0402354,-0.982584)
478 1.34476 (0.0402354,-0.982584)
479 1.34476 (0.0402354,-0.982584)
480 1.34476 (0.0402354,-0.982584)
481 1.34476 (0.0402354,-0.982584)
482 1.34476 (0.0402354,-0.982584)
483 1.34476 (0.0402354,-0.982584)
484 1.34476 (0.0402354,-0.982584)
485 1.34476 (0.0402354,-0.982584)
486 1.34476 (0.0402354,-0.982584)
487 1.34476 (0.0402354,-0.982584)
488 1.34476 (0.0402354,-0.982584)
489 1.34476 (0.0402354,-0.982584)
490 1.34476 (0.0402354,-0.982584)
491 1.34476 (0.0402354,-0.982584)
492 1.34476 (0.0402354,-0.982584)
493 1.34476 (0.0402354,-0.982584)
494 1.34476 (0.0402354,-0.982584)
495 1.34476 (0.0402354,-0.982584)
496 1.34476 (0.0402354,-0.982584)
497 1.34476 (0.0402354,-0.982584)
498 1.34476 (0.0402354,-0.982584)
499 1.34476 (0.0402354,-0.982584)
500 1.34476 (0.0402354,-0.982584)
501 1.34476 (0.0402354,-0.982584)
502 1.34476 (0.0402354,-0.982584)
503 1.34476 (0.0402354,-0.982584)
504 1.34476 (0.0402354,-0.982584)
505 1.34476 (0.0402354,-0.982584)
506 1.34476 (0.0402354,-0.982584)
507 1.34476 (0.0402354,-0.982584)
508 1.34476 (0.0402354,-0.982584)
509 1.34476 (0.0402354,-0.982584)
510 1.34476 (0.0402354,-0.982584)
511 1.34476 (0.0402354,-0.982584)
512 1.34476 (0.0402354,-0.982584)
513 1.34476 (0.0402354,-0.982584)
514 1.34476 (0.0402354,-0.982584)
515 1.34476 (0.0402354,-0.982584)
516 1.34476 (0.0402354,-0.982584)
517 1.34476 (0.0402354,-0.982584)
518 1.34476 (0.0402354,-0.982584)
519 1.34476 (0.0402354,-0.982584)
520 1.34476 (0.0402354,-0.982584)
521 1.34476 (0.0402354,-0.982584)
522 1.34476 (0.0402354,-0.982584)
523 1.34476 (0.0402354,-0.982584)
524 1.34476 (0.0402354,-0.982584)
525 1.34476 (0.0402354,-0.982584)
526 1.34476 (0.0402354,-0.982584)
527 1.34476 (0.0402354,-0.982584)
528 1.34476 (0.0402354,-0.982584)
529 1.34476 (0.0402354,-0.982584)
530 1.34476 (0.0402354,-0.982584)
531 1.34476 (0.0402354,-0.982584)
532 1.34476 (0.0402354,-0.982584)
533 1.34476 (0.0402354,-0.982584)
534 1.34476 (0.0402354,-0.982584)
535 1.34476 (0.0402354,-0.982584)
536 1.34476 (0.0402354,-0.982584)
537 1.34476 (0.0402354,-0.982584)
538 1.34476 (0.0402354,-0.982584)
539 1.34476 (0.0402354,-0.982584)
540 1.34476 (0.0402354,-0.982584)
541 1.34476 (0.0402354,-0.982584)
542 1.34476 (0.0402354,-0.982584)
543 1.34476 (0.0402354,-0.982584)
544 1.34476 (0.0402354,-0.982584)
545 1.34476 (0.0402354,-0.982584)
546 1.34476 (0.0402354,-0.982584)
547 1.34476 (0.0402354,-0.982584)
548 1.34476 (0.0402354,-0.982584)
549 1.34476 (0.0402354,-0.982584)
550 1.34476 (0.0402354,-0.982584)
551 1.34476 (0.0402354,-0.982584)
552 1.34476 (0.0402354,-0.982584)
553 1.34476 (0.0402354,-0.982584)
554 1.34476 (0.0402354,-0.982584)
555 1.34476 (0.0402354,-0.982584)
556 1.34476 (0.0402354,-0.982584)
557 1.34476 (0.0402354,-0.982584)
558 1.34476 (0.0402354,-0.982584)
559 1.34476 (0.0402354,-0.982584)
560 1.34476 (0.0402354,-0.982584)
561 1.34476 (0.0402354,-0.982584)
562 1.34476 (0.0402354,-0.982584)
563 1.34476 (0.0402354,-0.982584)
564 1.34476 (0.0402354,-0.982584)
565 1.34476 (0.0402354,-0.982584)
566 1.34476 (0.0402354,-0.982584)
567 1.34476 (0.0402354,-0.982584)
568 1.34476 (0.0402354,-0.982584)
569 1.34476 (0.0402354,-0.982584)
570 1.34476 (0.0402354,-0.982584)
571 1.34476 (0.0402354,-0.982584)
572 1.34476 (0.0402354,-0.982584)
573 1.34476 (0.0402354,-0.982584)
574 1.34476 (0.0402354,-0.982584)
575 1.34476 (0.0402354,-0.982584)
576 1.34476 (0.0402354,-0.982584)
577 1.34476 (0.0402354,-0.982584)
578 1.34476 (0.0402354,-0.982584)
579 1.34476 (0.0402354,-0.982584)
580 1.34476 (0.0402354,-0.982584)
581 1.34476 (0.0402354,-0.982584)
582 1.34476 (0.0402354,-0.982584)
583 1.34476 (0.0402354,-0.982584)
584 1.34476 (0.0402354,-0.982584)
585 1.34476 (0.0402354,-0.982584)
586 1.34476 (0.0402354,-0.982584)
587 1.34476 (0.0402354,-0.982584)
588 1.34476 (0.0402354,-0.982584)
589 1.34476 (0.0402354,-0.982584)
590 1.34476 (0.0402354,-0.982584)
591 1.34476 (0.0402354,-0.982584)
592 1.34476 (0.0402354,-0.982584)
593 1.34476 (0.0402354,-0.982584)
594 1.34476 (0.0402354,-0.982584)
595 1.34476 (0.0402354,-0.982584)
596 1.34476 (0.0402354,-0.982584)
597 1.34476 (0.0402354,-0.982584)
598 1.34476 (0.0402354,-0.982584)
599 1.34476 (0.0402354,-0.982584)
600 1.34476 (0.0402354,-0.982584)
601 1.34476 (0.0402354,-0.982584)
602 1.34476 (0.0402354,-0.982584)
603 1.34476 (0.0402354,-0.982584)
604 1.34476 (0.0402354,-0.982584)
605 1.34476 (0.0402354,-0.982584)
606 1.34476 (0.0402354,-0.982584)
607 1.34476 (0.0402354,-0.982584)
608 1.34476 (0.0402354,-0.982584)
609 1.34476 (0.0402354,-0.982584)
610 1.34476 (0.0402354,-0.982584)
611 1.34476 (0.0402354,-0.982584)
612 1.34476 (0.0402354,-0.982584)
613 1.34476 (0.0402354,-0.982584)
614 1.34476 (0.0402354,-0.982584)
615 1.34476 (0.0402354,-0.982584)
616 1.34476 (0.0402354,-0.982584)
617 1.34476 (0.0402354,-0.982584)
618 1.34476 (0.0402354,-0.982584)
619 1.34476 (0.0402354,-0.982584)
620 1.34476 (0.0402354,-0.982584)
621 1.34476 (0.0402354,-0.982584)
622 1.34476 (0.0402354,-0.982584)
623 1.34476 (0.0402354,-0.982584)
624 1.34476 (0.0402354,-0.982584)
625 1.34476 (0.0402354,-0.982584)
626 1.34476 (0.0402354,-0.982584)
627 1.34476 (0.0402354,-0.982584)
628 1.34476 (0.0402354,-0.982584)
629 1.34476 (0.0402354,-0.982584)
630 1.34476 (0.0402354,-0.982584)
631 1.34476 (0.0402354,-0.982584)
632 1.34476 (0.0402354,-0.982584)
633 1.34476 (0.0402354,-0.982584)
634 1.34476 (0.0402354,-0.982584)
635 1.34476 (0.0402354,-0.982584)
636 1.34476 (0.0402354,-0.982584)
637 1.34476 (0.0402354,-0.982584)
638 1.34476 (0.0402354,-0.982584)
639 1.34476 (0.0402354,-0.982584)
640 1.34476 (0.0402354,-0.982584)
641 1.34476 (0.0402354,-0.982584)
642 1.34476 (0.0402354,-0.982584)
643 1.34476 (0.0402354,-0.982584)
644 1.34476 (0.0402354,-0.982584)
645 1.34476 (0.0402354,-0.982584)
646 1.34476 (0.0402354,-0.982584)
647 1.34476 (0.0402354,-0.982584)
648 1.34476 (0.0402354,-0.982584)
649 1.34476 (0.0402354,-0.982584)
650 1.34476 (0.0402354,-0.982584)
651 1.34476 (0.0402354,-0.982584)
652 1.34476 (0.0402354,-0.982584)
653 1.34476 (0.0402354,-0.982584)
654 1.34476 (0.0402354,-0.982584)
655 1.34476 (0.0402354,-0.982584)
656 1.34476 (0.0402354,-0.982584)
657 1.34476 (0.0402354,-0.982584)
658 1.34476 (0.0402354,-0.982584)
659 1.34476 (0.0402354,-0.982584)
660 1.34476 (0.0402354,-0.982584)
661 1.34476 (0.0402354,-0.982584)
662 1.34476 (0.0402354,-0.982584)
663 1.34476 (0.0402354,-0.982584)
664 1.34476 (0.0402354,-0.982584)
665 1.34476 (0.0402354,-0.982584)
666 1.34476 (0.0402354,-0.982584)
667 1.34476 (0.0402354,-0.982584)
668 1.34476 (0.0402354,-0.982584)
669 1.34476 (0.0402354,-0.982584)
670 1.34476 (0.0402354,-0.982584)
671 1.34476 (0.0402354,-0.982584)
672 1.34476 (0.0402354,-0.982584)
673 1.34476 (0.0402354,-0.982584)
674 1.34476 (0.0402354,-0.982584)
675 1.34476 (0.0402354,-0.982584)
676 1.34476 (0.0402354,-0.982584)
677 1.34476 (0.0402354,-0.982584)
678 1.34476 (0.0402354,-0.982584)
679 1.34476 (0.0402354,-0.982584)
680 1.34476 (0.0402354,-0.982584)
681 1.34476 (0.0402354,-0.982584)
682 1.34476 (0.0402354,-0.982584)
683 1.34476 (0.0402354,-0.982584)
684 1.34476 (0.0402354,-0.982584)
685 1.34476 (0.0402354,-0.982584)
686 1.34476 (0.0402354,-0.982584)
687 1.34476 (0.0402354,-0.982584)
688 1.34476 (0.0402354,-0.982584)
689 1.34476 (0.0402354,-0.982584)
690 1.34476 (0.0402354,-0.982584)
691 1.34476 (0.0402354,-0.982584)
692 1.34476 (0.0402354,-0.982584)
693 1.34476 (0.0402354,-0.982584)
694 1.34476 (0.0402354,-0.982584)
695 1.34476 (0.0402354,-0.982584)
696 1.34476 (0.0402354,-0.982584)
697 1.34476 (0.0402354,-0.982584)
698 1.34476 (0.0402354,-0.982584)
699 1.34476 (0.0402354,-0.982584)
700 1.34476 (0.0402354,-0.982584)
701 1.34476 (0.0402354,-0.982584)
702 1.34476 (0.0402354,-0.982584)
703 1.34476 (0.0402354,-0.982584)
704 1.34476 (0.0402354,-0.982584)
705 1.34476 (0.0402354,-0.982584)
706 1.34476 (0.0402354,-0.982584)
707 1.34476 (0.0402354,-0.982584)
708 1.34476 (0.0402354,-0.982584)
709 1.34476 (0.0402354,-0.982584)
710 1.34476 (0.0402354,-0.982584)
711 1.34476 (0.0402354,-0.982584)
712 1.34476 (0.0402354,-0.982584)
713 1.34476 (0.0402354,-0.982584)
714 1.34476 (0.0402354,-0.982584)
715 1.34476 (0.0402354,-0.982584)
716 1.34476 (0.0402354,-0.982584)
717 1.34476 (0.0402354,-0.982584)
718 1.34476 (0.0402354,-0.982584)
719 1.34476 (0.0402354,-0.982584)
720 1.34476 (0.0402354,-0.982584)
721 1.34476 (0.0402354,-0.982584)
722 1.34476 (0.0402354,-0.982584)
723 1.34476 (0.0402354,-0.982584)
724 1.34476 (0.0402354,-0.982584)
725 1.34476 (0.0402354,-0.982584)
726 1.34476 (0.0402354,-0.982584)
727 1.34476 (0.0402354,-0.982584)
728 1.34476 (0.0402354,-0.982584)
729 1.34476 (0.0402354,-0.982584)
730 1.34476 (0.0402354,-0.982584)
731 1.34476 (0.0402354,-0.982584)
732 1.34476 (0.0402354,-0.982584)
733 1.34476 (0.0402354,-0.982584)
734 1.34476 (0.0402354,-0.982584)
735 1.34476 (0.0402354,-0.982584)
736 1.34476 (0.0402354,-0.982584)
737 1.34476 (0.0402354,-0.982584)
738 1.34476 (0.0402354,-0.982584)
739 1.34476 (0.0402354,-0.982584)
740 1.34476 (0.0402354,-0.982584)
741 1.34476 (0.0402354,-0.982584)
742 1.34476 (0.0402354,-0.982584)
743 1.34476 (0.0402354,-0.982584)
744 1.34476 (0.0402354,-0.982584)
745 1.34476 (0.0402354,-0.982584)
746 1.34476 (0.0402354,-0.982584)
747 1.34476 (0.0402354,-0.982584)
748 1.34476 (0.0402354,-0.982584)
749 1.34476 (0.0402354,-0.982584)
750 1.34476 (0.0402354,-0.982584)
751 1.34476 (0.0402354,-0.982584)
752 1.34476 (0.0402354,-0.982584)
753 1.34476 (0.0402354,-0.982584)
754 1.34476 (0.0402354,-0.982584)
755 1.34476 (0.0402354,-0.982584)
756 1.34476 (0.0402354,-0.982584)
757 1.34476 (0.0402354,-0.982584)
758 1.34476 (0.0402354,-0.982584)
759 1.34476 (0.0402354,-0.982584)
760 1.34476 (0.0402354,-0.982584)
761 1.34476 (0.0402354,-0.982584)
762 1.34476 (0.0402354,-0.982584)
763 1.34476 (0.0402354,-0.982584)
764 1.34476 (0.0402354,-0.982584)
765 1.34476 (0.0402354,-0.982584)
766 1.34476 (0.0402354,-0.982584)
767 1.34476 (0.0402354,-0.982584)
768 1.34476 (0.0402354,-0.982584)
769 1.34476 (0.0402354,-0.982584)
770 1.34476 (0.0402354,-0.982584)
771 1.34476 (0.0402354,-0.982584)
772 1.34476 (0.0402354,-0.982584)
773 1.34476 (0.0402354,-0.982584)
774 1.34476 (0.0402354,-0.982584)
775 1.34476 (0.0402354,-0.982584)
776 1.34476 (0.0402354,-0.982584)
777 1.34476 (0.0402354,-0.982584)
778 1.34476 (0.0402354,-0.982584)
779 1.34476 (0.0402354,-0.982584)
780 1.34476 (0.0402354,-0.982584)
781 1.34476 (0.0402354,-0.982584)
782 1.34476 (0.0402354,-0.982584)
783 1.34476 (0.0402354,-0.982584)
784 1.34476 (0.0402354,-0.982584)
785 1.34476 (0.0402354,-0.982584)
786 1.34476 (0.0402354,-0.982584)
787 1.34476 (0.0402354,-0.982584)
788 1.34476 (0.0402354,-0.982584)
789 1.34476 (0.0402354,-0.982584)
790 1.34476 (0.0402354,-0.982584)
791 1.34476 (0.0402354,-0.982584)
792 1.34476 (0.0402354,-0.982584)
793 1.34476 (0.0402354,-0.982584)
794 1.34476 (0.0402354,-0.982584)
795 1.34476 (0.0402354,-0.982584)
796 1.34476 (0.0402354,-0.982584)
797 1.34476 (0.0402354,-0.982584)
798 1.34476 (0.0402354,-0.982584)
799 1.34476 (0.0402354,-0.982584)
800 1.34476 (0.0402354,-0.982584)
801 1.34476 (0.0402354,-0.982584)
802 1.34476 (0.0402354,-0.982584)
803 1.34476 (0.0402354,-0.982584)
804 1.34476 (0.0402354,-0.982584)
805 1.34476 (0.0402354,-0.982584)
806 1.34476 (0.0402354,-0.982584)
807 1.34476 (0.0402354,-0.982584)
808 1.34476 (0.0402354,-0.982584)
809 1.34476 (0.0402354,-0.982584)
810 1.34476 (0.0402354,-0.982584)
811 1.34476 (0.0402354,-0.982584)
812 1.34476 (0.0402354,-0.982584)
813 1.34476 (0.0402354,-0.982584)
814 1.34476 (0.0402354,-0.982584)
815 1.34476 (0.0402354,-0.982584)
816 1.34476 (0.0402354,-0.982584)
817 1.34476 (0.0402354,-0.982584)
818 1.34476 (0.0402354,-0.982584)
819 1.34476 (0.0402354,-0.982584)
820 1.34476 (0.0402354,-0.982584)
821 1.34476 (0.0402354,-0.982584)
822 1.34476 (0.0402354,-0.982584)
823 1.34476 (0.0402354,-0.982584)
824 1.34476 (0.0402354,-0.982584)
825 1.34476 (0.0402354,-0.982584)
826 1.34476 (0.0402354,-0.982584)
827 1.34476 (0.0402354,-0.982584)
828 1.34476 (0.0402354,-0.982584)
829 1.34476 (0.0402354,-0.982584)
830 1.34476 (0.0402354,-0.982584)
831 1.34476 (0.0402354,-0.982584)
832 1.34476 (0.0402354,-0.982584)
833 1.34476 (0.0402354,-0.982584)
834 1.34476 (0.0402354,-0.982584)
835 1.34476 (0.0402354,-0.982584)
836 1.34476 (0.0402354,-0.982584)
837 1.34476 (0.0402354,-0.982584)
838 1.34476 (0.0402354,-0.982584)
839 1.34476 (0.0402354,-0.982584)
840 1.34476 (0.0402354,-0.982584)
841 1.34476 (0.0402354,-0.982584)
842 1.34476 (0.0402354,-0.982584)
843 1.34476 (0.0402354,-0.982584)
844 1.34476 (0.0402354,-0.982584)
845 1.34476 (0.0402354,-0.982584)
846 1.34476 (0.0402354,-0.982584)
847 1.34476 (0.0402354,-0.982584)
848 1.34476 (0.0402354,-0.982584)
849 1.34476 (0.0402354,-0.982584)
850 1.34476 (0.0402354,-0.982584)
851 1.34476 (0.0402354,-0.982584)
852 1.34476 (0.0402354,-0.982584)
853 1.34476 (0.0402354,-0.982584)
854 1.34476 (0.0402354,-0.982584)
855 1.34476 (0.0402354,-0.982584)
856 1.34476 (0.0402354,-0.982584)
857 1.34476 (0.0402354,-0.982584)
858 1.34476 (0.0402354,-0.982584)
859 1.34476 (0.0402354,-0.982584)
860 1.34476 (0.0402354,-0.982584)
861 1.34476 (0.0402354,-0.982584)
862 1.34476 (0.0402354,-0.982584)
863 1.34476 (0.0402354,-0.982584)
864 1.34476 (0.0402354,-0.982584)
865 1.34476 (0.0402354,-0.982584)
866 1.34476 (0.0402354,-0.982584)
867 1.34476 (0.0402354,-0.982584)
868 1.34476 (0.0402354,-0.982584)
869 1.34476 (0.0402354,-0.982584)
870 1.34476 (0.0402354,-0.982584)
871 1.34476 (0.0402354,-0.982584)
872 1.34476 (0.0402354,-0.982584)
873 1.34476 (0.0402354,-0.982584)
874 1.34476 (0.0402354,-0.982584)
875 1.34476 (0.0402354,-0.982584)
876 1.34476 (0.0402354,-0.982584)
877 1.34476 (0.0402354,-0.982584)
878 1.34476 (0.0402354,-0.982584)
879 1.34476 (0.0402354,-0.982584)
880 1.34476 (0.0402354,-0.982584)
881 1.34476 (0.0402354,-0.982584)
882 1.34476 (0.0402354,-0.982584)
883 1.34476 (0.0402354,-0.982584)
884 1.34476 (0.0402354,-0.982584)
885 1.34476 (0.0402354,-0.982584)
886 1.34476 (0.0402354,-0.982584)
887 1.34476 (0.0402354,-0.982584)
888 1.34476 (0.0402354,-0.982584)
889 1.34476 (0.0402354,-0.982584)
890 1.34476 (0.0402354,-0.982584)
891 1.34476 (0.0402354,-0.982584)
892 1.34476 (0.0402354,-0.982584)
893 1.34476 (0.0402354,-0.982584)
894 1.34476 (0.0402354,-0.982584)
895 1.34476 (0.0402354,-0.982584)
896 1.34476 (0.0402354,-0.982584)
897 1.34476 (0.0402354,-0.982584)
898 1.34476 (0.0402354,-0.982584)
899 1.34476 (0.0402354,-0.982584)
900 1.34476 (0.0402354,-0.982584)
901 1.34476 (0.0402354,-0.982584)
902 1.34476 (0.0402354,-0.982584)
903 1.34476 (0.0402354,-0.982584)
904 1.34476 (0.0402354,-0.982584)
905 1.34476 (0.0402354,-0.982584)
906 1.34476 (0.0402354,-0.982584)
907 1.34476 (0.0402354,-0.982584)
908 1.34476 (0.0402354,-0.982584)
909 1.34476 (0.0402354,-0.982584)
910 1.34476 (0.0402354,-0.982584)
911 1.34476 (0.0402354,-0.982584)
912 1.34476 (0.0402354,-0.982584)
913 1.34476 (0.0402354,-0.982584)
914 1.34476 (0.0402354,-0.982584)
915 1.34476 (0.0402354,-0.982584)
916 1.34476 (0.0402354,-0.982584)
917 1.34476 (0.0402354,-0.982584)
918 1.34476 (0.0402354,-0.982584)
919 1.34476 (0.0402354,-0.982584)
920 1.34476 (0.0402354,-0.982584)
921 1.34476 (0.0402354,-0.982584)
922 1.34476 (0.0402354,-0.982584)
923 1.34476 (0.0402354,-0.982584)
924 1.34476 (0.0402354,-0.982584)
925 1.34476 (0.0402354,-0.982584)
926 1.34476 (0.0402354,-0.982584)
927 1.34476 (0.0402354,-0.982584)
928 1.34476 (0.0402354,-0.982584)
929 1.34476 (0.0402354,-0.982584)
930 1.34476 (0.0402354,-0.982584)
931 1.34476 (0.0402354,-0.982584)
932 1.34476 (0.0402354,-0.982584)
933 1.34476 (0.0402354,-0.982584)
934 1.34476 (0.0402354,-0.982584)
935 1.34476 (0.0402354,-0.982584)
936 1.34476 (0.0402354,-0.982584)
937 1.34476 (0.0402354,-0.982584)
938 1.34476 (0.0402354,-0.982584)
939 1.34476 (0.0402354,-0.982584)
940 1.34476 (0.0402354,-0.982584)
941 1.34476 (0.0402354,-0.982584)
942 1.34476 (0.0402354,-0.982584)
943 1.34476 (0.0402354,-0.982584)
944 1.34476 (0.0402354,-0.982584)
945 1.34476 (0.0402354,-0.982584)
946 1.34476 (0.0402354,-0.982584)
947 1.34476 (0.0402354,-0.982584)
948 1.34476 (0.0402354,-0.982584)
949 1.34476 (0.0402354,-0.982584)
950 1.34476 (0.0402354,-0.982584)
951 1.34476 (0.0402354,-0.982584)
952 1.34476 (0.0402354,-0.982584)
953 1.34476 (0.0402354,-0.982584)
954 1.34476 (0.0402354,-0.982584)
955 1.34476 (0.0402354,-0.982584)
956 1.34476 (0.0402354,-0.982584)
957 1.34476 (0.0402354,-0.982584)
958 1.34476 (0.0402354,-0.982584)
959 1.34476 (0.0402354,-0.982584)
960 1.34476 (0.0402354,-0.982584)
961 1.34476 (0.0402354,-0.982584)
962 1.34476 (0.0402354,-0.982584)
963 1.34476 (0.0402354,-0.982584)
964 1.34476 (0.0402354,-0.982584)
965 1.34476 (0.0402354,-0.982584)
966 1.34476 (0.0402354,-0.982584)
967 1.34476 (0.0402354,-0.982584)
968 1.34476 (0.0402354,-0.982584)
969 1.34476 (0.0402354,-0.982584)
970 1.34476 (0.0402354,-0.982584)
971 1.34476 (0.0402354,-0.982584)
972 1.34476 (0.0402354,-0.982584)
973 1.34476 (0.0402354,-0.982584)
974 1.34476 (0.0402354,-0.982584)
975 1.34476 (0.0402354,-0.982584)
976 1.34476 (0.0402354,-0.982584)
977 1.34476 (0.0402354,-0.982584)
978 1.34476 (0.0402354,-0.982584)
979 1.34476 (0.0402354,-0.982584)
980 1.34476 (0.0402354,-0.982584)
981 1.34476 (0.0402354,-0.982584)
982 1.34476 (0.0402354,-0.982584)
983 1.34476 (0.0402354,-0.982584)
984 1.34476 (0.0402354,-0.982584)
985 1.34476 (0.0402354,-0.982584)
986 1.34476 (0.0402354,-0.982584)
987 1.34476 (0.0402354,-0.982584)
988 1.34476 (0.0402354,-0.982584)
989 1.34476 (0.0402354,-0.982584)
990 1.34476 (0.0402354,-0.982584)
991 1.34476 (0.0402354,-0.982584)
992 1.34476 (0.0402354,-0.982584)
993 1.34476 (0.0402354,-0.982584)
994 1.34476 (0.0402354,-0.982584)
995 1.34476 (0.0402354,-0.982584)
996 1.34476 (0.0402354,-0.982584)
997 1.34476 (0.0402354,-0.982584)
998 1.34476 (0.0402354,-0.982584)
999 1.34476 (0.0402354,-0.982584)
1000 1.34476 (0.0402354,-0.982584)
1001 1.34476 (0.0402354,-0.982584)
